1.271746663506291508e+00
5.736672927151207357e-01
4.714382171430507862e-01
4.141093713495911932e-01
3.722131756974869643e-01
3.466476602414075292e-01
3.192423212728580650e-01
2.975919558420902500e-01
2.827955092602417175e-01
2.685754532573603748e-01
2.543507022416892083e-01
2.368916500366034517e-01
2.317453795370935377e-01
2.178666709250762779e-01
2.075536330457495027e-01
2.026725236658288576e-01
1.881713658521155241e-01
1.849110659881800234e-01
1.761657969791348144e-01
1.682743460390748180e-01
1.581583035067349874e-01
1.532096098651405114e-01
1.473182304766999517e-01
1.419254025528911833e-01
1.369629854840390959e-01
1.312549208142176349e-01
1.261188089496949050e-01
1.219870512200002949e-01
1.178931863969113619e-01
1.133427900601835792e-01
1.069258265159711146e-01
1.081923525198167091e-01
1.018674630227209138e-01
9.615332602953710617e-02
9.740526520028836011e-02
9.308407637752404151e-02
8.751167608659808639e-02
8.450055775522183343e-02
8.573131176603941694e-02
8.372896539313452735e-02
7.698673067974443063e-02
7.668608370573580524e-02
7.815163281159240305e-02
7.079683668097527804e-02
7.057064438317002530e-02
6.845725242079807316e-02
7.071711889209868207e-02
6.442433744919399963e-02
6.227336924992689371e-02
6.516508565730406988e-02
6.074071258932602774e-02
5.784967917604606769e-02
5.889940284756051136e-02
5.612247518506370547e-02
5.425612408073008514e-02
5.313752067940575446e-02
5.453610539811999669e-02
5.048623652267857087e-02
4.999871427521986045e-02
4.811567982204822264e-02
5.064615577709775246e-02
4.672997464339773144e-02
4.760161466145215042e-02
4.207880137096933759e-02
4.713890706478547632e-02
4.321066782379350685e-02
4.188201880254665416e-02
4.175121823028356272e-02
4.011198630603421411e-02
4.126531556248665134e-02
3.948778359328999205e-02
3.799267875797608662e-02
3.869326252772026936e-02
3.661726754753529683e-02
3.625389562559729051e-02
3.897159891218698186e-02
3.724142974414745150e-02
3.505410359937603804e-02
3.300805203679228750e-02
3.434269797150828196e-02
3.273239569315890274e-02
3.241761041726885784e-02
3.297715674115329204e-02
3.198695318256856990e-02
3.037282773802260291e-02
3.068062833001633516e-02
3.189447018028307435e-02
3.089303878926429395e-02
3.246566318914669708e-02
3.019005900796721889e-02
2.881958432307764328e-02
3.209996932600977376e-02
2.860031500083057981e-02
2.600390101180357141e-02
3.009149052265311375e-02
2.596586726167622594e-02
2.819747502062501174e-02
2.837390568889990722e-02
2.765170924803789926e-02
2.648979275964764152e-02
2.450466664022758062e-02
2.658341003253179499e-02
2.460612939060235344e-02
2.554791277133617103e-02
2.660270709074845710e-02
2.659618986880078056e-02
2.547156741263485735e-02
2.266450813963633709e-02
2.434593848320616358e-02
2.314428040241243295e-02
2.330614417916586356e-02
2.166103382258354956e-02
2.272676930833263456e-02
2.188425425033108454e-02
2.119899844766414548e-02
2.335258446195546261e-02
2.231907961749229202e-02
1.986856741971579007e-02
2.223391563514200489e-02
2.155550616096799099e-02
2.235709404025007854e-02
2.037245176169050903e-02
2.231223396174296728e-02
2.024002953675113972e-02
2.055636388789705907e-02
2.031096527368581733e-02
1.987225664231707239e-02
1.929602199867993736e-02
2.064188019849923575e-02
1.959198401630425634e-02
2.248977673279137224e-02
2.022831150025379901e-02
2.275519830714754776e-02
2.162185578567891661e-02
1.882259342662927562e-02
1.848344149271480275e-02
1.950628376119777768e-02
1.881951847559764496e-02
1.903149138134317339e-02
1.766460409935782794e-02
1.687918810158216612e-02
1.915615068294671333e-02
1.820656463613404968e-02
1.558551537992135250e-02
1.968559344009566600e-02
1.872490239994866607e-02
1.914281632688616397e-02
1.834930525826556497e-02
1.737528076786704415e-02
1.871577901155257323e-02
1.889180766864671790e-02
1.932843689157181383e-02
1.707253145367032196e-02
1.835657583440051394e-02
1.386171121025035410e-02
1.807747160311506604e-02
1.514800220195736125e-02
1.598087583316349161e-02
1.644564110218320330e-02
1.807246762288718805e-02
1.496349415953169421e-02
1.644854505115947788e-02
1.427030846601774761e-02
1.571027790485810677e-02
1.925268841985644519e-02
1.407138832038691036e-02
1.518208695935601912e-02
1.686262083028544981e-02
1.742696983285811629e-02
1.536597232420404413e-02
1.443955400457777941e-02
1.357296795795569916e-02
1.415609611808752756e-02
1.409804991782963833e-02
1.660763183874743379e-02
1.591714519709974685e-02
1.395658845144535400e-02
1.383408688697494379e-02
1.320532789406906639e-02
1.343942214053969395e-02
1.435141641865758308e-02
1.398173082635557896e-02
1.458479668193755040e-02
1.411030428390167360e-02
1.470256089068510894e-02
1.558305122083475554e-02
1.308257351574652373e-02
1.503463421768250555e-02
1.389779377634785783e-02
1.297444007476838621e-02
1.353943858546118734e-02
1.276498120935524137e-02
1.474003744507286669e-02
1.436852486381510682e-02
1.287574283199525646e-02
1.230335076953902734e-02
1.334406426008164642e-02
1.565306895592508130e-02
1.294717782435297025e-02
1.169216834350113483e-02
1.175671818047887077e-02
1.428665416769119879e-02
1.569335815629788883e-02
1.407824786739940437e-02
1.433201247497516498e-02
1.271128607264273777e-02
1.271161084227702236e-02
1.411029485656934562e-02
1.221269693100402419e-02
1.176514324552121321e-02
1.097767954927031733e-02
1.268524007104775489e-02
1.225587083699823492e-02
1.239558715013270619e-02
1.129663919443029893e-02
1.420377101937011534e-02
1.333158376540581787e-02
1.407091482346799205e-02
1.192835119560736561e-02
1.250851184755814166e-02
1.421966616815629157e-02
1.078510638733370941e-02
1.199227184495505090e-02
1.262804840307901917e-02
1.254695889360013181e-02
1.214917977332693154e-02
1.171506745897296121e-02
1.170285981962410418e-02
1.384829376550281675e-02
1.222975448775692232e-02
1.378057761923918642e-02
1.053693352869766557e-02
1.155078167557528623e-02
1.163522920688661241e-02
1.062155911835896589e-02
1.126058826269973195e-02
1.064980190309907163e-02
1.208101053416979487e-02
9.886443597937643810e-03
1.080768269228459325e-02
1.177008731666357583e-02
1.137742813770510619e-02
1.256052395047134798e-02
1.196951175139856875e-02
1.117910635508909990e-02
1.147628269334394213e-02
1.070503077015844129e-02
1.340162331074037927e-02
1.203397366273052486e-02
1.229236938121939897e-02
1.250523735933444132e-02
9.236852601640114721e-03
9.793934770585859678e-03
9.873426396305820876e-03
1.094707337028088742e-02
1.136515920457406743e-02
1.123403615169540209e-02
1.151831453673917219e-02
1.158326142741476772e-02
1.197096309147211747e-02
1.137532920146188883e-02
