6.807142857142857162e-01
8.560924369747898721e-01
8.788655462184874478e-01
8.919327731092436817e-01
9.013025210084033567e-01
9.069327731092436951e-01
9.128151260504201447e-01
9.207563025210083740e-01
9.235294117647059320e-01
9.268487394957982684e-01
9.315126050420168280e-01
9.342016806722689415e-01
9.373529411764706110e-01
9.404201680672268360e-01
9.429831932773109493e-01
9.445798319327730619e-01
9.486134453781512876e-01
9.490756302521008436e-01
9.510924369747899565e-01
9.529411764705881804e-01
9.547058823529411820e-01
9.560924369747899609e-01
9.602521008403361868e-01
9.604201680672268537e-01
9.610504201680671876e-01
9.616386554621848548e-01
9.628991596638655226e-01
9.654201680672268582e-01
9.677310924369747491e-01
9.678571428571428603e-01
9.703781512605041959e-01
9.701260504201680845e-01
9.708823529411764186e-01
9.738235294117647545e-01
9.726890756302520868e-01
9.741596638655461993e-01
9.758823529411764230e-01
9.769747899159664239e-01
9.760084033613445342e-01
9.764705882352940902e-01
9.781092436974789806e-01
9.788655462184874256e-01
9.775210084033613134e-01
9.804201680672268715e-01
9.806302521008403161e-01
9.800420168067226490e-01
9.804621848739495382e-01
9.821428571428570953e-01
9.833193277310924296e-01
9.816386554621848726e-01
9.838235294117646523e-01
9.844537815126050972e-01
9.823949579831933177e-01
9.841176470588235414e-01
9.843277310924369861e-01
9.844957983193277640e-01
9.848319327731092088e-01
9.855042016806723204e-01
9.859243697478992097e-01
9.861344537815126543e-01
9.855042016806723204e-01
9.872268907563025442e-01
9.865966386554622103e-01
9.891176470588235459e-01
9.873109243697478776e-01
9.874369747899159888e-01
9.889915966386554347e-01
9.885714285714285454e-01
9.892436974789915460e-01
9.877310924369747669e-01
9.891176470588235459e-01
9.890336134453781014e-01
9.892436974789915460e-01
9.902521008403361025e-01
9.899999999999999911e-01
9.886134453781512121e-01
9.896218487394957686e-01
9.905462184873949916e-01
9.911344537815126587e-01
9.903361344537815469e-01
9.908403361344537696e-01
9.913025210084033256e-01
9.912605042016806589e-01
9.907563025210084362e-01
9.909663865546218808e-01
9.910084033613445476e-01
9.910504201680672143e-01
9.912184873949579922e-01
9.907563025210084362e-01
9.915126050420167703e-01
9.920168067226891040e-01
9.909663865546218808e-01
9.915966386554622147e-01
9.929411764705882160e-01
9.914285714285714368e-01
9.931932773109243273e-01
9.922689075630252153e-01
9.919327731092436595e-01
9.922268907563025486e-01
9.920168067226891040e-01
9.940336134453781058e-01
9.919747899159664373e-01
9.928571428571428825e-01
9.927731092436974381e-01
9.928991596638655492e-01
9.926890756302521046e-01
9.920588235294117707e-01
9.933613445378151052e-01
9.931092436974789939e-01
9.934873949579832164e-01
9.929411764705882160e-01
9.938655462184874390e-01
9.939075630252101057e-01
9.940756302521008836e-01
9.935294117647058831e-01
9.931092436974789939e-01
9.938235294117646612e-01
9.942016806722688838e-01
9.936134453781512166e-01
9.937815126050419945e-01
9.935294117647058831e-01
9.942016806722688838e-01
9.929411764705882160e-01
9.942016806722688838e-01
9.939075630252101057e-01
9.944537815126049951e-01
9.945378151260504396e-01
9.942857142857143282e-01
9.946218487394957730e-01
9.944537815126049951e-01
9.939075630252101057e-01
9.943277310924369949e-01
9.930252100840336604e-01
9.942436974789915505e-01
9.949159663865546621e-01
9.949579831932773288e-01
9.942016806722688838e-01
9.951260504201681067e-01
9.946218487394957730e-01
9.947899159663865509e-01
9.953781512605042181e-01
9.939075630252101057e-01
9.945378151260504396e-01
9.955882352941176627e-01
9.939915966386554391e-01
9.947899159663865509e-01
9.938655462184874390e-01
9.945798319327731063e-01
9.945798319327731063e-01
9.941596638655462170e-01
9.947058823529412175e-01
9.944537815126049951e-01
9.952100840336134402e-01
9.947478991596638842e-01
9.960924369747898854e-01
9.946218487394957730e-01
9.962184873949579966e-01
9.957142857142856629e-01
9.951680672268907735e-01
9.945798319327731063e-01
9.956722689075629962e-01
9.950840336134453290e-01
9.962605042016806633e-01
9.959243697478991075e-01
9.944957983193277729e-01
9.960924369747898854e-01
9.956302521008403295e-01
9.945798319327731063e-01
9.948319327731092176e-01
9.955042016806722183e-01
9.960924369747898854e-01
9.960924369747898854e-01
9.962184873949579966e-01
9.960084033613445520e-01
9.948739495798318844e-01
9.958823529411764408e-01
9.957983193277311074e-01
9.962605042016806633e-01
9.960504201680672187e-01
9.959663865546218853e-01
9.955882352941176627e-01
9.958823529411764408e-01
9.956302521008403295e-01
9.959663865546218853e-01
9.952941176470587736e-01
9.956302521008403295e-01
9.960504201680672187e-01
9.954201680672268848e-01
9.956722689075629962e-01
9.965126050420167747e-01
9.963865546218487745e-01
9.964285714285714413e-01
9.955462184873949960e-01
9.953361344537815514e-01
9.961764705882353299e-01
9.963025210084033301e-01
9.962184873949579966e-01
9.955882352941176627e-01
9.965126050420167747e-01
9.965546218487394414e-01
9.963865546218487745e-01
9.955042016806722183e-01
9.956302521008403295e-01
9.955042016806722183e-01
9.957142857142856629e-01
9.960504201680672187e-01
9.962605042016806633e-01
9.957142857142856629e-01
9.960504201680672187e-01
9.968067226890756638e-01
9.971428571428571086e-01
9.967226890756302193e-01
9.961764705882353299e-01
9.963445378151259968e-01
9.966806722689075526e-01
9.953781512605042181e-01
9.959663865546218853e-01
9.960504201680672187e-01
9.961344537815125522e-01
9.966806722689075526e-01
9.957983193277311074e-01
9.970588235294117752e-01
9.965966386554622192e-01
9.964705882352941080e-01
9.965546218487394414e-01
9.961344537815125522e-01
9.966386554621848859e-01
9.968067226890756638e-01
9.961764705882353299e-01
9.965546218487394414e-01
9.954621848739495515e-01
9.968067226890756638e-01
9.966386554621848859e-01
9.962605042016806633e-01
9.970588235294117752e-01
9.970168067226891084e-01
9.968487394957983305e-01
9.963865546218487745e-01
9.971428571428571086e-01
9.968487394957983305e-01
9.966386554621848859e-01
9.968067226890756638e-01
9.962605042016806633e-01
9.967647058823528861e-01
9.965546218487394414e-01
9.966806722689075526e-01
9.969747899159664417e-01
9.960504201680672187e-01
9.965126050420167747e-01
9.963865546218487745e-01
9.967226890756302193e-01
9.974789915966386644e-01
9.971008403361344419e-01
9.972268907563025531e-01
9.965966386554622192e-01
9.961344537815125522e-01
9.970588235294117752e-01
9.965546218487394414e-01
9.967226890756302193e-01
9.965966386554622192e-01
9.965126050420167747e-01
