8.716492926284438170e-01
8.938011913626210392e-01
9.026433358153388431e-01
9.089724497393893987e-01
9.141846612062546340e-01
9.156738644825018758e-01
9.215376023827251961e-01
9.234921816827996732e-01
9.256329113924051111e-01
9.284251675353685229e-01
9.313104988830975817e-01
9.309381980640357712e-01
9.342889054355919543e-01
9.372673119880863268e-01
9.380119136262099477e-01
9.394080416976917647e-01
9.423864482501861373e-01
9.426656738644825229e-01
9.443410275502606144e-01
9.450856291883842353e-01
9.473194341027549870e-01
9.493670886075948889e-01
9.496463142218912745e-01
9.504839910647803203e-01
9.505770662695457451e-01
9.509493670886075556e-01
9.522524199553239477e-01
9.529039463886820327e-01
9.535554728220402287e-01
9.547654504839910850e-01
9.545793000744601242e-01
9.563477289650037516e-01
9.560685033507073660e-01
9.554169769173491700e-01
9.562546537602383268e-01
9.557892777364109804e-01
9.585815338793745033e-01
9.581161578555472680e-01
9.590469099032017386e-01
9.591399851079672745e-01
9.587676842889054640e-01
9.607222635889799411e-01
9.594192107222635491e-01
9.608153387937453660e-01
9.621183916604616471e-01
9.600707371556217451e-01
9.616530156366344118e-01
9.607222635889799411e-01
9.619322412509307973e-01
9.624906924795234575e-01
9.626768428890543072e-01
9.623045420699926078e-01
9.617460908413998366e-01
9.619322412509307973e-01
9.626768428890543072e-01
9.638868205510051634e-01
9.628629932985852680e-01
9.620253164556962222e-01
9.645383469843633595e-01
9.641660461653015490e-01
9.648175725986597451e-01
9.646314221891287843e-01
9.637006701414743137e-01
9.645383469843633595e-01
9.651898734177215555e-01
9.641660461653015490e-01
9.641660461653015490e-01
9.637006701414743137e-01
9.643521965748325098e-01
9.637937453462397386e-01
9.650037230081905948e-01
9.658413998510796405e-01
9.660275502606106013e-01
9.653760238272524052e-01
9.660275502606106013e-01
9.653760238272524052e-01
9.647244973938943202e-01
9.658413998510796405e-01
9.646314221891287843e-01
9.648175725986597451e-01
9.656552494415487908e-01
9.659344750558451764e-01
9.658413998510796405e-01
9.649106478034251699e-01
9.655621742367833660e-01
9.652829486224869804e-01
9.666790766939686863e-01
9.650037230081905948e-01
9.654690990320178301e-01
9.662137006701414510e-01
9.645383469843633595e-01
9.670513775130304968e-01
9.668652271034996470e-01
9.663067758749068759e-01
9.658413998510796405e-01
9.653760238272524052e-01
9.662137006701414510e-01
9.665860014892032614e-01
9.663998510796724117e-01
9.682613551749813530e-01
9.673306031273268824e-01
9.653760238272524052e-01
9.659344750558451764e-01
9.650037230081905948e-01
9.652829486224869804e-01
9.662137006701414510e-01
9.650967982129560196e-01
9.668652271034996470e-01
9.670513775130304968e-01
9.669583023082650719e-01
9.666790766939686863e-01
9.667721518987342222e-01
9.671444527177960326e-01
9.666790766939686863e-01
9.668652271034996470e-01
9.660275502606106013e-01
9.657483246463142157e-01
9.674236783320923072e-01
9.669583023082650719e-01
9.665860014892032614e-01
9.671444527177960326e-01
9.664929262844378366e-01
9.666790766939686863e-01
9.665860014892032614e-01
9.666790766939686863e-01
9.677959791511541177e-01
9.657483246463142157e-01
9.661206254653760261e-01
9.671444527177960326e-01
9.676098287416232679e-01
9.681682799702159281e-01
9.668652271034996470e-01
9.671444527177960326e-01
9.679821295606850784e-01
9.684475055845123137e-01
9.666790766939686863e-01
9.672375279225614575e-01
9.687267311988085883e-01
9.674236783320923072e-01
9.678890543559195425e-01
9.680752047654505033e-01
9.669583023082650719e-01
9.688198064035741242e-01
9.675167535368577321e-01
9.684475055845123137e-01
9.678890543559195425e-01
9.676098287416232679e-01
9.659344750558451764e-01
9.686336559940431634e-01
9.690990320178703987e-01
9.677959791511541177e-01
9.678890543559195425e-01
9.674236783320923072e-01
9.686336559940431634e-01
9.691921072226359346e-01
9.679821295606850784e-01
9.694713328369322092e-01
9.683544303797468888e-01
9.678890543559195425e-01
9.682613551749813530e-01
9.680752047654505033e-01
9.677029039463886928e-01
9.673306031273268824e-01
9.667721518987342222e-01
9.675167535368577321e-01
9.683544303797468888e-01
9.686336559940431634e-01
9.686336559940431634e-01
9.684475055845123137e-01
9.684475055845123137e-01
9.685405807892777386e-01
9.693782576321667843e-01
9.681682799702159281e-01
9.682613551749813530e-01
9.683544303797468888e-01
9.671444527177960326e-01
9.682613551749813530e-01
9.687267311988085883e-01
9.675167535368577321e-01
9.680752047654505033e-01
9.677959791511541177e-01
9.675167535368577321e-01
9.676098287416232679e-01
9.683544303797468888e-01
9.682613551749813530e-01
9.685405807892777386e-01
9.692851824274013595e-01
9.681682799702159281e-01
9.685405807892777386e-01
9.679821295606850784e-01
9.687267311988085883e-01
9.689128816083395490e-01
9.680752047654505033e-01
9.688198064035741242e-01
9.695644080416977451e-01
9.671444527177960326e-01
9.688198064035741242e-01
9.685405807892777386e-01
9.683544303797468888e-01
9.690990320178703987e-01
9.679821295606850784e-01
9.682613551749813530e-01
9.679821295606850784e-01
9.672375279225614575e-01
9.679821295606850784e-01
9.686336559940431634e-01
9.681682799702159281e-01
9.680752047654505033e-01
9.680752047654505033e-01
9.680752047654505033e-01
9.673306031273268824e-01
9.680752047654505033e-01
9.683544303797468888e-01
9.688198064035741242e-01
9.674236783320923072e-01
9.684475055845123137e-01
9.669583023082650719e-01
9.682613551749813530e-01
9.688198064035741242e-01
9.680752047654505033e-01
9.680752047654505033e-01
9.694713328369322092e-01
9.683544303797468888e-01
9.690059568131049739e-01
9.682613551749813530e-01
9.681682799702159281e-01
9.677959791511541177e-01
9.675167535368577321e-01
9.686336559940431634e-01
9.682613551749813530e-01
9.680752047654505033e-01
9.679821295606850784e-01
9.684475055845123137e-01
9.683544303797468888e-01
9.688198064035741242e-01
9.680752047654505033e-01
9.687267311988085883e-01
9.696574832464631699e-01
9.692851824274013595e-01
9.691921072226359346e-01
9.693782576321667843e-01
9.688198064035741242e-01
9.691921072226359346e-01
9.693782576321667843e-01
9.690059568131049739e-01
9.686336559940431634e-01
9.694713328369322092e-01
9.681682799702159281e-01
9.690990320178703987e-01
9.693782576321667843e-01
9.691921072226359346e-01
9.683544303797468888e-01
9.676098287416232679e-01
9.679821295606850784e-01
9.683544303797468888e-01
9.676098287416232679e-01
9.680752047654505033e-01
9.677959791511541177e-01
9.686336559940431634e-01
9.679821295606850784e-01
9.679821295606850784e-01
