5.552100201906415844e-01
4.417845616124054242e-01
3.913079840162310141e-01
3.621596627641949229e-01
3.374498464660864450e-01
3.229199498004196034e-01
3.055873836764451124e-01
2.939666771591375460e-01
2.818587471523661403e-01
2.728110705394844460e-01
2.629326877315276700e-01
2.590646615844117151e-01
2.471703948787318528e-01
2.404453028340172716e-01
2.335010089385181065e-01
2.290015765815995585e-01
2.241426660711873520e-01
2.190092086836373797e-01
2.147800568616043959e-01
2.117716258784238803e-01
2.069804944369833810e-01
2.004029472162274506e-01
1.990039648345310330e-01
1.959183986339654293e-01
1.913961835943401024e-01
1.904503385510714353e-01
1.870598530733842690e-01
1.830453815594681732e-01
1.805236183872483968e-01
1.788992711792929402e-01
1.776076245023879285e-01
1.748184875591380083e-01
1.738104002518345015e-01
1.766920749123027101e-01
1.728799790282659621e-01
1.710815036410017753e-01
1.661303680964308083e-01
1.663356756213123233e-01
1.640077638575059560e-01
1.657347358591238773e-01
1.638145772677833123e-01
1.602914700546729798e-01
1.632649076440977065e-01
1.604927023033641265e-01
1.580219893887561400e-01
1.593963705691178179e-01
1.579924509739218941e-01
1.587734898928156169e-01
1.556605566112700401e-01
1.542609741000079970e-01
1.542118627519769025e-01
1.569004545830140207e-01
1.571591524566764431e-01
1.555915760737653086e-01
1.515235022592482383e-01
1.523451542402725067e-01
1.524719957120810876e-01
1.582065302731603673e-01
1.540321713606102316e-01
1.520528916660654761e-01
1.512806716660066719e-01
1.568145497049512338e-01
1.540608771467111282e-01
1.519745414603670686e-01
1.530585651378177092e-01
1.550806537769840177e-01
1.540457509452517193e-01
1.538806400100242167e-01
1.550569307913397532e-01
1.561861491719800377e-01
1.550552668292644043e-01
1.538693921908192430e-01
1.545152122755371893e-01
1.546219292645323873e-01
1.559405107597583995e-01
1.579746386245703127e-01
1.561967438962019172e-01
1.552704043370170262e-01
1.558302660706388509e-01
1.568943703628948860e-01
1.559180775470060953e-01
1.560435977196480417e-01
1.593373742007268279e-01
1.592900191703485457e-01
1.585222326443764262e-01
1.578890092460104311e-01
1.562663846172819559e-01
1.570906727113611789e-01
1.550505977395813806e-01
1.558433049861189246e-01
1.616699768622819888e-01
1.563366912790780106e-01
1.571812415460841772e-01
1.574832278561077159e-01
1.604223066853527058e-01
1.611500855893096273e-01
1.577414588507594917e-01
1.637675717309372558e-01
1.579936921904425140e-01
1.571002652132169330e-01
1.578503137389205002e-01
1.563503835586052826e-01
1.626260178864046557e-01
1.621482548867688722e-01
1.599617932818425126e-01
1.583730585024326620e-01
1.597840808337514240e-01
1.613152076379962552e-01
1.579408899271390609e-01
1.593682149429309636e-01
1.600685152138513201e-01
1.610422127284470151e-01
1.629345382765567951e-01
1.624632984835291116e-01
1.626037086955842426e-01
1.674839802313809467e-01
1.660857960659447574e-01
1.641011366818990735e-01
1.657169736569507335e-01
1.621396746222908969e-01
1.580884575369481404e-01
1.670098170923791647e-01
1.633411317631014159e-01
1.645000125111613920e-01
1.663220215863419893e-01
1.608135891081078628e-01
1.664520546291869407e-01
1.650954464759763762e-01
1.614702422635065360e-01
1.621602215566301519e-01
1.643149057834541737e-01
1.668394010760894108e-01
1.644725350805919528e-01
1.620462741799880146e-01
1.634797436710133667e-01
1.680978674161416331e-01
1.627403287895229089e-01
1.629505655835767619e-01
1.650819315208220672e-01
1.646652577759743774e-01
1.637072792361342621e-01
1.662330878683527524e-01
1.641676317351195569e-01
1.659471787268202991e-01
1.650508294438170764e-01
1.667829851147649978e-01
1.667521755063347266e-01
1.667115785783449267e-01
1.677717993955446241e-01
1.692670997223877094e-01
1.702968243215502164e-01
1.689141836524986062e-01
1.657878752376215625e-01
1.645429831924650754e-01
1.639612820581966557e-01
1.679991357672019348e-01
1.689229843914730744e-01
1.684010280663742476e-01
1.671571805317312587e-01
1.720023541458156335e-01
1.693484496362701597e-01
1.697340353835188331e-01
1.747451757329806787e-01
1.713090212065629392e-01
1.718650160555686979e-01
1.686184300083392318e-01
1.698719481628995776e-01
1.681672922548458626e-01
1.688494591912003684e-01
1.700745152721454823e-01
1.738524086362864540e-01
1.715928232567752454e-01
1.725647019129454562e-01
1.711875232989252815e-01
1.692471828787398269e-01
1.726461462988584106e-01
1.682641644936473668e-01
1.691497427987646296e-01
1.704206450087138169e-01
1.731375823011004622e-01
1.770994460746945498e-01
1.737037559392864139e-01
1.757259817235033161e-01
1.755088630963840823e-01
1.746619865887715783e-01
1.717731813821811171e-01
1.741305368488525462e-01
1.789315408699031495e-01
1.746031772872337351e-01
1.778162822504586738e-01
1.782798151501571726e-01
1.788679570353528259e-01
1.750667293875721731e-01
1.713842191037875107e-01
1.776881998325805512e-01
1.814564004282474829e-01
1.751327656253850451e-01
1.800679043462404261e-01
1.802083211406588226e-01
1.801994875287019904e-01
1.799431040214564681e-01
1.766443003699937897e-01
1.804003524424110105e-01
1.787923349529416117e-01
1.781847178783442509e-01
1.747053780912665166e-01
1.777808101777034466e-01
1.815917385438330922e-01
1.767495343238337235e-01
1.782018893501670642e-01
1.826631433745861399e-01
1.786606403321515935e-01
1.851581578390507632e-01
1.807458902544835100e-01
1.855102494922109546e-01
1.815394416690006008e-01
1.808808942672838760e-01
1.826200754321384845e-01
1.808318360746794529e-01
1.798600444829539513e-01
1.791070019541972647e-01
1.771473928742327009e-01
1.838901951307138349e-01
1.832327769121969152e-01
1.799103403151900704e-01
1.848734238310505429e-01
1.859077609866047476e-01
1.849099775736046114e-01
1.816610754595837929e-01
1.829285194399702108e-01
1.841192672005559916e-01
1.792201409622616315e-01
1.785856425090903143e-01
1.839798475565057323e-01
1.848034747915754394e-01
1.831255074193783028e-01
1.835459730714803783e-01
1.772782586803430815e-01
1.790562712296854542e-01
1.847831426370037389e-01
1.784599200182345469e-01
1.832394602008813045e-01
1.803930491508606848e-01
1.768752901647752951e-01
1.829542949107806349e-01
1.833365257685187211e-01
1.833938404138263090e-01
1.888790483630178318e-01
1.846749069653201847e-01
1.841734001885930450e-01
1.859450531902924753e-01
1.848231145747322168e-01
1.841764713520335217e-01
1.887848958933388832e-01
1.828358736574339227e-01
1.875978585662721188e-01
1.925662826255729321e-01
1.907859504228417713e-01
1.857245208671953196e-01
1.903648253388797174e-01
1.905642741929104433e-01
