1.054156555879015800e+00
3.940512943568350024e-01
2.887084380217960766e-01
2.344467804562143931e-01
1.922501182255624830e-01
1.673581689295648434e-01
1.524605307058125858e-01
1.308146772615048081e-01
1.159631194612559119e-01
1.065563675686090894e-01
9.928831863804023217e-02
8.854370926608558234e-02
8.330694833097337937e-02
7.471141548091624063e-02
7.632821192510989838e-02
6.844657831833142470e-02
6.149860910006931664e-02
6.478408180490261015e-02
5.836051027188782214e-02
5.132959835669573950e-02
5.315493564645783209e-02
5.011623248395298547e-02
4.801511780304067167e-02
4.858514735177785204e-02
4.456346535507370310e-02
4.637941810513744600e-02
4.055281180794499674e-02
4.228798784941685540e-02
3.582677799989195111e-02
3.593869548885762072e-02
3.608061310561264112e-02
3.518093489047859762e-02
3.345336967883553309e-02
3.561204063541748704e-02
3.282000014261037685e-02
3.123965121993497671e-02
3.047872768793286405e-02
3.067566533925152744e-02
2.928736999756147846e-02
3.268322372824705030e-02
2.537309676847037190e-02
2.866945024955423055e-02
2.748523213720622041e-02
2.755503123266105775e-02
2.718965141493983467e-02
2.299855359070817132e-02
2.701386164623398659e-02
2.493754361294397634e-02
2.443266041138592720e-02
2.659510967642569890e-02
2.294201271561514474e-02
2.433145961935530288e-02
2.206124223236526766e-02
2.370790330708778121e-02
2.223970116405677225e-02
2.229750229687500404e-02
2.246428896140839279e-02
2.378792322326858666e-02
2.231337469251153463e-02
2.152997656529690926e-02
1.987884220346307698e-02
2.150981199254571249e-02
2.063320228321274125e-02
2.139223965964898513e-02
1.890210929941072912e-02
1.870335295467692380e-02
2.068800861790713597e-02
1.950126779962237100e-02
2.160972174757919487e-02
1.695966860574881288e-02
1.850426419645923373e-02
1.836588821315182987e-02
1.802868059374579737e-02
2.018154641034222360e-02
1.588760377220934522e-02
1.931691591193539573e-02
1.909635382626174299e-02
1.969564836581840298e-02
1.673919936282043663e-02
1.695353818824514580e-02
1.539134211423454600e-02
1.702924390159108944e-02
1.648311716320478501e-02
1.896327705153835405e-02
1.802785662464609709e-02
1.720248813044373756e-02
1.791355329330916735e-02
1.473134382760950441e-02
1.485553266809267088e-02
1.708797025883632831e-02
1.284039401887532468e-02
1.667250458933726073e-02
1.495012293632353578e-02
1.525312684678879586e-02
1.621305136620497522e-02
1.457662942400593520e-02
1.700429428407938121e-02
1.569577305241167189e-02
1.622267967512627460e-02
1.596029224821186518e-02
1.549349946791634888e-02
1.541666388660356199e-02
1.390915703846282506e-02
1.452765621420997778e-02
1.473206851193133507e-02
1.250506004416422970e-02
1.512403517190617427e-02
1.717915016913222973e-02
1.427397981802580769e-02
1.397625808279272588e-02
1.433471503260568859e-02
1.564938020164600985e-02
1.167095008946489494e-02
1.661734055573152111e-02
1.309040551445595640e-02
1.356950000857840358e-02
1.321736951691231642e-02
1.618058092191721614e-02
1.350381976449392500e-02
1.269997436099317908e-02
1.462953234130532319e-02
1.425770813924017756e-02
1.435321586118510143e-02
1.396576752826011840e-02
1.324242875069974595e-02
1.161495602987080641e-02
1.308097584394174624e-02
1.184812703864461178e-02
1.066686925971332793e-02
1.087274240307850408e-02
1.158969201124077607e-02
1.376276029234736395e-02
1.150399443429323508e-02
1.122584946633574908e-02
1.104370393891067510e-02
1.213951364032407609e-02
1.159089614856330733e-02
1.121412881482744713e-02
1.076650489319288043e-02
1.269700514768962521e-02
1.345366767914809268e-02
1.330298737233442073e-02
1.234560487138404786e-02
9.207035266312949690e-03
1.295396352175059648e-02
1.219589250876388330e-02
1.134722499487952896e-02
1.347114117936908106e-02
