7.117647058823529660e-01
8.906722689075630139e-01
9.179411764705882604e-01
9.321428571428571619e-01
9.442436974789916171e-01
9.511344537815126232e-01
9.543277310924369594e-01
9.603781512605041870e-01
9.645378151260504129e-01
9.677310924369747491e-01
9.697058823529411953e-01
9.723109243697478643e-01
9.745798319327730885e-01
9.771428571428570908e-01
9.758403361344537563e-01
9.779831932773108694e-01
9.802521008403360936e-01
9.805882352941176494e-01
9.807983193277310940e-01
9.823949579831933177e-01
9.829411764705882071e-01
9.842436974789915416e-01
9.845378151260504307e-01
9.848739495798319865e-01
9.855042016806723204e-01
9.849999999999999867e-01
9.870168067226890996e-01
9.876890756302521002e-01
9.889075630252101012e-01
9.889075630252101012e-01
9.886554621848739899e-01
9.883613445378151008e-01
9.896638655462184353e-01
9.893277310924369905e-01
9.897478991596638798e-01
9.901260504201681023e-01
9.899579831932773244e-01
9.906302521008403250e-01
9.904621848739495471e-01
9.892016806722688793e-01
9.923529411764705488e-01
9.905882352941176583e-01
9.913865546218487701e-01
9.912605042016806589e-01
9.923949579831933265e-01
9.926470588235294379e-01
9.911344537815126587e-01
9.926470588235294379e-01
9.919747899159664373e-01
9.921008403361344374e-01
9.932352941176471051e-01
9.923109243697478821e-01
9.932352941176471051e-01
9.926470588235294379e-01
9.926050420168067712e-01
9.931092436974789939e-01
9.920588235294117707e-01
9.923529411764705488e-01
9.930252100840336604e-01
9.936134453781512166e-01
9.934453781512605497e-01
9.927310924369747713e-01
9.936134453781512166e-01
9.938235294117646612e-01
9.940756302521008836e-01
9.947478991596638842e-01
9.934873949579832164e-01
9.942436974789915505e-01
9.933193277310924385e-01
9.944537815126049951e-01
9.949579831932773288e-01
9.944537815126049951e-01
9.944117647058823284e-01
9.936974789915966610e-01
9.950420168067226623e-01
9.938235294117646612e-01
9.942436974789915505e-01
9.942016806722688838e-01
9.943697478991596617e-01
9.944537815126049951e-01
9.949999999999999956e-01
9.943277310924369949e-01
9.951680672268907735e-01
9.941596638655462170e-01
9.944117647058823284e-01
9.949579831932773288e-01
9.945798319327731063e-01
9.951680672268907735e-01
9.953361344537815514e-01
9.942857142857143282e-01
9.958403361344537741e-01
9.943277310924369949e-01
9.951260504201681067e-01
9.949999999999999956e-01
9.949999999999999956e-01
9.951680672268907735e-01
9.946638655462184397e-01
9.950420168067226623e-01
9.951260504201681067e-01
9.949579831932773288e-01
9.952521008403361069e-01
9.953781512605042181e-01
9.954621848739495515e-01
9.955882352941176627e-01
9.951260504201681067e-01
9.962184873949579966e-01
9.953781512605042181e-01
9.948319327731092176e-01
9.956302521008403295e-01
9.961764705882353299e-01
9.957983193277311074e-01
9.951260504201681067e-01
9.965966386554622192e-01
9.946638655462184397e-01
9.955462184873949960e-01
9.965126050420167747e-01
9.958403361344537741e-01
9.953361344537815514e-01
9.956722689075629962e-01
9.958403361344537741e-01
9.956722689075629962e-01
9.956302521008403295e-01
9.961344537815125522e-01
9.952941176470587736e-01
9.957142857142856629e-01
9.965126050420167747e-01
9.961344537815125522e-01
9.964705882352941080e-01
9.965546218487394414e-01
9.968907563025209972e-01
9.963865546218487745e-01
9.962605042016806633e-01
9.965546218487394414e-01
9.962184873949579966e-01
9.964705882352941080e-01
9.964705882352941080e-01
9.963865546218487745e-01
9.968067226890756638e-01
9.965126050420167747e-01
9.960924369747898854e-01
9.960084033613445520e-01
9.954621848739495515e-01
9.961764705882353299e-01
9.970168067226891084e-01
9.966386554621848859e-01
9.961764705882353299e-01
9.967647058823528861e-01
9.959663865546218853e-01
