9.144638868205510196e-01
9.450856291883842353e-01
9.551377513030528954e-01
9.605361131794489804e-01
9.642591213700669739e-01
9.669583023082650719e-01
9.713328369322412614e-01
9.719843633655994575e-01
9.745904690990320196e-01
9.764519731943410719e-01
9.764519731943410719e-01
9.784996276991809738e-01
9.796165301563662942e-01
9.804542069992554509e-01
9.799888309754281046e-01
9.816641846612063071e-01
9.807334326135517255e-01
9.812918838421444967e-01
9.831533879374534379e-01
9.841772151898734444e-01
9.837118391660462091e-01
9.824087862993298170e-01
9.847356664184661046e-01
9.843633655994042941e-01
9.834326135517498235e-01
9.848287416232315294e-01
9.843633655994042941e-01
9.841772151898734444e-01
9.842702903946388693e-01
9.848287416232315294e-01
9.839910647803424837e-01
9.843633655994042941e-01
9.849218168279970653e-01
9.847356664184661046e-01
9.853871928518243006e-01
9.850148920327624902e-01
9.859456440804169608e-01
9.857594936708861111e-01
9.850148920327624902e-01
9.862248696947133464e-01
9.865971705137751568e-01
9.858525688756515359e-01
9.853871928518243006e-01
9.861317944899479215e-01
9.857594936708861111e-01
9.863179448994787712e-01
9.863179448994787712e-01
9.860387192851823857e-01
9.859456440804169608e-01
9.853871928518243006e-01
9.865040953090097320e-01
9.868763961280714314e-01
9.849218168279970653e-01
9.855733432613551503e-01
9.844564408041697190e-01
9.871556217423678170e-01
9.869694713328369673e-01
9.866902457185405817e-01
9.863179448994787712e-01
9.862248696947133464e-01
9.849218168279970653e-01
9.865040953090097320e-01
9.864110201042441961e-01
9.861317944899479215e-01
9.853871928518243006e-01
9.860387192851823857e-01
9.854802680565897255e-01
9.866902457185405817e-01
9.869694713328369673e-01
9.863179448994787712e-01
9.865971705137751568e-01
9.864110201042441961e-01
9.865971705137751568e-01
9.864110201042441961e-01
9.855733432613551503e-01
9.859456440804169608e-01
9.859456440804169608e-01
9.858525688756515359e-01
9.859456440804169608e-01
9.853871928518243006e-01
9.862248696947133464e-01
9.852941176470588758e-01
9.857594936708861111e-01
9.856664184661205752e-01
9.861317944899479215e-01
9.858525688756515359e-01
9.865971705137751568e-01
9.857594936708861111e-01
9.855733432613551503e-01
9.857594936708861111e-01
9.866902457185405817e-01
9.847356664184661046e-01
9.858525688756515359e-01
9.862248696947133464e-01
9.862248696947133464e-01
9.858525688756515359e-01
9.859456440804169608e-01
9.847356664184661046e-01
9.850148920327624902e-01
9.856664184661205752e-01
9.864110201042441961e-01
9.854802680565897255e-01
9.856664184661205752e-01
9.853871928518243006e-01
9.855733432613551503e-01
9.859456440804169608e-01
9.858525688756515359e-01
9.865971705137751568e-01
9.856664184661205752e-01
9.862248696947133464e-01
9.857594936708861111e-01
9.866902457185405817e-01
9.867833209233060066e-01
9.862248696947133464e-01
9.866902457185405817e-01
9.855733432613551503e-01
9.860387192851823857e-01
9.854802680565897255e-01
9.856664184661205752e-01
9.857594936708861111e-01
9.856664184661205752e-01
9.857594936708861111e-01
9.863179448994787712e-01
9.866902457185405817e-01
9.871556217423678170e-01
9.866902457185405817e-01
9.861317944899479215e-01
9.869694713328369673e-01
9.864110201042441961e-01
9.860387192851823857e-01
9.861317944899479215e-01
9.864110201042441961e-01
9.861317944899479215e-01
9.864110201042441961e-01
9.864110201042441961e-01
9.866902457185405817e-01
9.866902457185405817e-01
9.861317944899479215e-01
9.863179448994787712e-01
9.862248696947133464e-01
9.865971705137751568e-01
9.868763961280714314e-01
9.868763961280714314e-01
9.861317944899479215e-01
9.859456440804169608e-01
9.876209977661950523e-01
9.863179448994787712e-01
9.862248696947133464e-01
