3.256608694680839799e-01
2.168589695034325304e-01
1.773259066661080630e-01
1.552982907506484100e-01
1.437360049680996010e-01
1.303803434322240717e-01
1.132661290272615473e-01
1.157668767440079433e-01
1.009620046208398320e-01
9.763473331961539103e-02
9.775545734604258741e-02
9.260453516513397765e-02
8.667922204836082944e-02
8.554465084164025734e-02
8.614415011895031060e-02
8.453033702782260239e-02
8.221409340719855463e-02
8.255823705087424191e-02
8.087414600321231328e-02
7.846803695957882407e-02
7.676213212749537218e-02
8.433762327466251540e-02
7.848241887896509339e-02
7.720926124567882576e-02
7.519039799052215645e-02
7.342200036689761067e-02
7.609799346343593118e-02
7.338093249619628833e-02
7.529965598463501941e-02
7.451240633623376630e-02
7.815359837298606338e-02
7.449791119579567134e-02
7.336702079589153824e-02
7.219712554296160711e-02
7.434551665394366349e-02
7.664337568782542132e-02
7.523258733275337007e-02
7.698576565039963460e-02
7.537699482290660669e-02
7.201173962617454793e-02
7.593918405351876566e-02
7.551800338735170648e-02
8.018949265783889557e-02
7.424456870414965215e-02
7.075096462509641859e-02
7.300480057354337415e-02
7.314748198680900981e-02
7.074624788990745150e-02
7.493167307131805288e-02
7.451236692474973167e-02
7.275399995263186204e-02
7.201693382311635805e-02
7.379754595455040311e-02
7.527126586799769148e-02
7.886156742755748295e-02
7.693872649995131541e-02
7.233969968978012921e-02
7.418358466436784926e-02
7.501262723855196823e-02
7.554265610927095309e-02
8.632295742479782763e-02
7.266882169601311670e-02
7.520672326823606146e-02
7.567500677759837757e-02
8.061362965383005175e-02
7.747310820200854764e-02
7.707500983149573326e-02
8.098442249755255506e-02
7.707852283741464805e-02
7.924091649898455658e-02
7.564785430351829432e-02
7.955081737795303976e-02
7.725232910757627580e-02
7.623381230946178755e-02
8.380622649413643765e-02
7.743193462801534199e-02
7.971419946710575632e-02
7.679075550385740245e-02
7.389784278807508267e-02
7.738714792321166325e-02
8.058461533544908351e-02
8.200866208697460413e-02
7.823090843780877712e-02
7.941999153996182059e-02
7.744054148784662583e-02
7.588601700713849818e-02
7.612837073739031624e-02
8.090254846269095967e-02
8.025820105977107821e-02
7.742391116493253789e-02
7.788606132556630257e-02
8.435808100933708809e-02
8.120727834868371464e-02
8.672215840476288351e-02
8.207430945252658372e-02
8.378265167546457282e-02
7.977228316194370783e-02
8.518493255393680408e-02
8.303059890303446378e-02
8.375335319606511120e-02
8.055632469497285564e-02
8.233818824633391820e-02
8.402020580539922012e-02
7.982948772819960237e-02
7.992934042065004407e-02
7.865981738434044135e-02
8.320980439248329419e-02
7.514789281096566353e-02
7.702189540856831107e-02
7.635199698188815942e-02
8.226209983563106953e-02
7.404981199341631459e-02
7.837321409345891776e-02
8.256824497645010030e-02
7.980447604867220435e-02
8.449042683379459628e-02
8.128069536080854973e-02
8.209290058485198271e-02
8.321604084820581615e-02
8.558155685387007494e-02
8.415537456802750504e-02
8.781798753143306435e-02
7.915476131796793380e-02
7.642872339880911470e-02
8.028546758938977235e-02
8.270764056933757602e-02
8.361333439063375894e-02
7.720793963118098568e-02
7.694319110978391218e-02
8.150997703080326007e-02
8.623427825671123315e-02
8.280478546837158338e-02
8.356551900693905133e-02
8.124680384196372729e-02
8.305229865885414842e-02
7.802087773401369941e-02
7.717006905514836590e-02
7.953559191525771954e-02
8.164418235680623304e-02
8.025313386014024108e-02
7.860493105528920665e-02
7.697978954618890646e-02
7.701821978857238682e-02
8.695586298659177538e-02
8.426850019320036855e-02
7.866363447850045765e-02
8.208458559328285498e-02
7.914706332178589321e-02
